216565
255850
87315
403457
402958
425496
66585
66586
184355
254507
352305
68657
26176
26177
125520
322129
322130
19026
371833
371853
179858
179860
179861
179862
179863
179864
179865
379034
179867
424604
424603
179868
179866
377496
32417
113319
145577
47275
77509
182474
255699
255700
254678
212182
212186
212187
431841
175842
178402
175844
175843
175846
175847
175848
175849
175850
175851
175852
162541
162540
175855
175856
175853
171249
175854
174840
174841
170243
164625
164626
164627
331540
331542
264993
49974
6984
381774
381775
425848
329612
162702
162703
433578
117165
239030
239031
254907
221644
73168
377300
377302
175845
27881
27882
176634
176638
403455
379754
379756
162443
268015
151359
275558
138465
138468
221639
138277
159745
159750
159753
268809
159754
159755
338973
332853
223824
89682
89683
392801
421017
65152
322205
108192
168621
156868
23750
31482
320767
319751
28426
165166
184623
22877
181601
388972
315758
364911
159743
65929
162719
369574
116664
268221
393662
393665
393666
393667
203720
128459
34280
353265
277508
319808
319806
319813
109754
274448
24090
324122
233006
171076
19035
181355
76934
261256
132239
32920
46274
46275
36554
36557
155898
332028
170750
147751
238403
151911
250741
331659
378316
265173
422873
365540
271334
195066
322557
180300
334435
202407
341178
54058
352227
236544
429037
40964
236553
236555
236556
236557
236558
236559
236560
236561
236562
316436
316438
316440
316443
236576
236579
236580
236584
67627
67628
67629
236589
236590
67634
67635
67639
45112
67641
45115
67644
67647
45119
45120
67650
67651
181311
181316
67655
67656
67660
67662
67663
67665
67666
67669
262233
236634
236637
236639
236641
236642
236646
236647
236648
236650
236651
272492
236653
184432
236658
243827
236679
236682
236683
47286
236540
402642
402643
402644
17643
223521
223527
244012
329016
177468
258367
258371
345423
345424
249168
249170
400726
400727
122204
400733
400734
400736
400742
400744
400753
345463
345465
345466
316802
95662
377264
95665
377265
95668
377266
377268
274872
274871
377270
95672
95675
95676
95677
95679
95680
274889
274890
274891
274892
261588
261589
101857
216567
341507
209413
274866
372236
274869
239136
274978
274980
433700
433701
433702
433703
433704
239141
433706
168494
343613
343614
275008
275009
168514
275012
260688
367187
367189
402020
402021
402022
168560
168561
87680
87681
215682
87682
87683
73348
170641
87703
87704
87705
93850
87709
93854
93853
93856
93863
93865
253611
93868
93869
93870
93872
93873
93874
93876
93877
371382
93878
371384
371385
93879
93880
93882
93883
181948
93886
33472
93885
33474
195267
93889
93894
93895
93899
341756
189433
256771
256777
256778
256779
236339
236340
236343
236345
150330
236348
422718
236350
236352
236353
236355
422724
236363
236364
236365
236368
236369
236370
236371
236372
256860
160606
371551
371554
236394
236395
236397
236398
236399
256880
236401
236402
236400
256884
256886
256889
371581
371582
236417
236419
236420
236421
236423
124810
124812
124818
236437
236441
426906
236443
426908
426909
426907
124829
124831
236449
124834
236452
124838
236455
236456
236457
236458
236460
189358
189359
189360
189361
189363
189365
189366
124855
189369
124857
124858
236476
236477
236478
189375
189376
236481
189377
189379
189373
189381
236486
236487
189382
236489
189386
124873
189389
124878
189392
124883
124886
189402
189405
189407
189410
189413
189415
189416
189419
189420
236523
189421
236525
236527
189422
189425
236528
429038
189423
189426
189431
236536
236537
236531
189428
397299
398341
193784
184833
191487
416732
433721
46731
164057
369247
420464
232274
269584
246318
324783
349401
347033
347034
380803
249158
377547
411542
372608
189481
189482
189486
189488
189490
189493
189496
189740
189743
189745
69207
418989
233766
71600
259674
259675
422098
380840
151589
151591
151594
346154
151596
63538
104525
104527
104529
346212
383083
332914
72826
316558
125093
336888
337153
175382
183601
183604
152888
157026
185749
151994
151996
151997
337450
233016
268884
18040
250526
149162
164524
149164
24244
24245
24246
24247
24248
24249
344769
350963
18172
216879
216881
214872
379748
69484
69485
69487
69489
210802
263033
178059
178062
335760
122770
73622
233390
428981
137142
156602
137146
340926
400328
268238
377814
164824
261089
130044
232513
388490
379916
404072
404073
259974
259975
259976
259977
259978
50857
198869
198871
72197
369246
344723
412038
59001
93771
425881
250506
376477
379288
80190
80194
80207
86455
86456
84464
254472
178849
80663
416664
187308
416681
416689
91081
236496
242661
236572
95279
97346
97351
97371
181347
236654
93374
109836
109883
257344
109934
234994
93704
167448
161359
235149
108313
241477
18274
18278
18279
18292
106402
322314
412039
171101
345325
100357
403471
403473
403474
327711
67616
69663
102435
249931
182351
223320
71778
22627
110692
100459
100460
100461
100462
219244
321676
321677
321678
258193
321684
264346
211103
422051
329893
329894
329895
329896
333993
125102
270522
428221
18632
196838
164089
164090
325894
327969
327970
270643
393524
22876
274806
389509
348551
250261
377249
250285
72125
72126
72127
72128
72129
428484
381382
25031
84423
25032
387532
344525
387534
211408
387537
166356
121306
147933
379373
428526
379375
238075
379387
379388
268823
270883
150052
150053
51747
246328
371292
35433
35436
35437
201325
35439
35441
96890
342663
342664
389775
324248
98973
414366
266924
139958
262853
96973
271063
33497
74471
74474
262897
262900
250629
203539
203540
250654
52004
156453
148266
398123
238390
265017
324415
148297
93020
334684
396137
324459
82797
185199
213890
217989
207751
367500
418705
423929
158622
338853
103335
273320
33723
33724
33725
33726
33727
33728
33729
33730
33731
33732
33733
33734
33735
33736
33737
33738
216009
33740
33741
33742
33739
340942
33744
33743
99282
33748
33749
33745
33746
33747
33751
33750
33752
404456
199657
324586
132074
156672
336897
336896
277510
58388
128021
322581
48151
322582
216090
37915
271389
117793
62502
121904
121908
361537
76878
197713
418898
365667
78948
371836
205951
201855
185474
128138
369847
201917
244927
244932
400583
419023
34005
369879
185560
369880
255193
255194
255195
367839
410851
269541
423141
169209
154894
382236
245028
13613
99630
249150
36170
365903
83280
337257
185708
21871
372087
253313
253314
253315
253316
335248
400792
345497
66973
167337
316843
318910
347586
150981
15813
323016
9674
323019
251341
249304
318945
171493
171496
67048
89589
171515
400894
5635
392721
202258
265769
110133
126519
388709
188012
155251
341621
204423
204424
204425
204426
382614
165542
24232
24233
24236
251564
202423
184000
184001
407240
413391
177874
42707
34524
34525
401132
364270
364271
55031
198408
198409
241419
202512
157468
134952
124734
96063
368450
188240
192343
198496
407394
178032
434055
128910
221085
221086
221087
221088
55214
69552
368563
202676
14262
14263
432063
223176
395213
403430
417768
403449
395415
132340
87316
135509
135511
245888
154954
154956
344224
392742
392743
209698
256513
125957
336390
336391
336392
76813
233486
76814
342551
342552
83479
151583
360481
211496
211497
211498
370732
211499
211501
211502
360497
211503
68659
144943
151089
324663
144946
144947
144949
103995
24637
103998
103999
190020
32327
190025
190026
143955
138323
317526
413270
413271
12892
68701
68702
182879
427613
237150
365666
427619
106605
107117
126573
169581
107121
78457
20090
144510
250874
364678
364680
235661
98972
241829
389798
35501
412855
197305
197306
203450
412857
412858
32296
70336
70337
70338
70339
70341
70342
266439
70343
70344
70346
32298
70348
70349
70350
70351
370899
70357
164566
412375
164568
164569
412376
70363
164571
70365
70366
237791
214232
370913
70369
70370
370916
70371
70374
370920
70376
363241
70379
333035
90349
70381
70383
422640
426736
422639
219892
334585
151293
327934
133889
201990
182022
182023
182024
250639
182032
182033
182034
182039
182041
182043
26914
265000
217389
399663
399664
399665
178991
185138
329018
232763
151874
209220
209221
209222
209223
324427
144204
365902
315728
151889
315729
315733
151894
256857
218981
218985
257898
322923
209772
218987
85869
237937
144241
257904
378740
114041
114042
32648
170889
57743
213395
335764
213399
185751
30203
259999
213409
339369
318892
321973
137141
371661
148944
161233
148947
148951
89561
89566
113125
177878
113129
113136
113138
241651
29684
29685
29690
274943
257912
89948
152730
63488
63489
63490
190484
55353
88141
88142
88143
88144
88145
88146
88147
88148
88149
96344
82025
82070
88235
88236
219333
65737
65738
65739
61644
61645
61646
80076
65740
266450
63743
63744
82179
49425
262421
262423
262424
59722
242003
242004
59741
61793
61794
61839
63916
63917
63919
63920
70082
57800
72157
72158
72159
72161
72162
72163
72164
72165
72166
72167
66023
72168
72170
66024
72172
66025
66028
66031
66032
72176
66026
63979
72171
66030
324522
80387
80388
80389
80391
80392
324527
70171
70172
70227
70228
76375
88665
88666
88667
88668
88669
88670
88671
88672
88673
72169
387682
88674
64128
64129
64130
64131
64132
64133
64134
64135
64136
86665
86666
86667
64137
86669
86670
64139
86672
64138
86674
86671
64155
328352
53922
92851
92852
92853
92854
92855
92856
92857
92858
92859
92860
92861
92862
92863
92864
221906
221907
221908
234197
221909
76552
95017
95018
95019
95020
234284
95021
95022
95024
95023
62283
62288
62289
62290
260957
260958
260959
260960
37733
74664
252784
74668
74633
74634
74635
74636
74637
74638
74640
74641
74649
177050
74651
74650
74653
74654
74655
74656
74657
74658
324515
74659
324517
324518
88996
74661
324521
74665
74660
74663
324516
74662
74666
74667
324524
324523
74669
74671
324528
74674
58286
74672
121783
58298
58312
338891
338894
338896
338897
338898
37849
37850
37851
41950
89089
64516
64517
64519
64520
64521
64522
64523
64524
64525
324623
324622
324620
324624
64529
324626
324627
324628
324630
64532
324631
324629
324635
324636
109597
324638
109598
324632
109596
324634
324637
68644
68645
109601
324633
64526
109600
435242
435243
435244
435245
435246
435247
435248
64528
435249
64527
435251
435250
435253
435252
435255
435256
435257
435258
435259
435260
435262
435263
435264
435265
62527
435267
64531
435269
435270
435272
435273
435274
435276
435278
435279
435280
435281
435282
435283
435284
435285
435286
435287
435288
160878
88150
88151
242811
60550
85136
85137
74898
402628
46333
419096
419097
419098
419100
419101
419102
419103
419104
419106
419108
66858
66863
66864
66865
66866
66867
66868
66869
66870
66872
66873
48449
400715
91468
91469
91470
91471
91472
91473
91474
85358
85359
85360
85361
71037
71038
71039
71042
71043
75164
75165
110039
110040
110041
110042
110043
110044
110045
110046
110047
110048
110050
110051
15866
71198
71199
71200
71203
71204
60964
71206
71207
71208
60967
71205
60993
271968
271969
65151
65153
65154
65155
65156
65157
65158
65159
65160
65161
61066
65163
65164
65165
56974
56975
56976
56969
56970
65162
97975
38594
38596
38597
243407
261861
100069
100072
100078
55023
100082
63223
63224
63226
63227
63229
63230
63231
257797
257798
186119
61419
65324
69450
69452
69453
57190
253800
253802
253806
253807
253810
253817
253818
253822
253823
253826
253827
253830
46985
253837
253838
253840
253841
253842
253843
253844
253845
253846
253847
253848
253849
253851
253852
253853
253854
253860
253862
253863
61358
61359
61360
61361
96192
57281
96193
96194
96196
96198
96199
96200
96201
96202
100303
100304
100305
100306
100307
100308
100309
100310
100311
100312
100313
100315
100316
100317
100318
100319
100321
100322
100323
100324
100325
100326
100327
100328
100329
49130
61418
100332
100333
49131
100330
100331
61420
100334
16368
16369
100337
100338
100335
16370
63482
63483
63484
63485
63486
63487
88511
242688
242689
95238
242697
87051
81936
107538
107539
236565
81942
107542
107543
236571
81948
73757
107551
107553
249893
85032
82988
95277
95281
76850
95284
95286
236598
236605
236606
97344
236612
97349
97350
236615
236614
97355
236622
236624
236626
277593
277594
277595
262237
277596
277598
262240
94314
94315
236657
236660
236663
74883
99459
74885
99464
99467
99469
65687
99479
67739
67740
83100
72860
67744
67750
67756
93363
93364
99510
93368
94393
242873
94395
93370
93371
93375
93376
107715
93379
107720
368841
93388
107724
93391
89296
107730
89300
93396
93400
107736
93404
107740
93406
93407
89312
107748
89318
89320
93417
89324
69869
89326
89331
89337
89338
104707
72963
104714
104718
271630
109839
271631
109838
109843
109845
96534
96536
104728
96543
104736
96545
174368
109856
107808
106789
174373
109859
96553
109865
109866
109871
109872
108857
80188
109884
339268
108870
109897
108875
80203
108877
109900
108879
108880
80210
109901
109902
108885
109903
109907
109910
108889
109911
109913
108892
108894
109918
86383
86385
86388
86398
86401
86402
106885
86407
83339
83340
86418
86421
86424
86427
86429
104863
86436
80297
86444
80303
86450
80307
86451
86453
86461
86472
234987
84462
106991
234996
235009
93700
93703
235016
235019
235020
235030
235031
94748
99870
95775
95776
95774
235042
97827
99875
97828
95780
235048
95786
97834
235053
99886
234034
234035
99891
95797
95799
95800
234041
72251
72255
93785
107100
107099
93787
235105
235110
235114
235123
219766
235126
235128
219772
112342
93920
93921
93923
80613
93925
80621
80630
80632
80638
80641
67330
67331
2821
80646
67333
67334
80649
67335
80651
67336
67337
67339
67340
67341
67345
80658
108310
80671
80672
80678
80683
73521
241476
72523
241484
236374
241495
241502
236383
236385
236386
82788
236391
241517
33649
33651
33652
33654
33655
33656
255879
236428
236429
236430
91020
241552
91028
33686
33687
33689
33692
33694
241571
86952
241577
241578
241579
241581
236463
241583
236468
106428
242624
242626
106435
242628
242629
91076
106436
106437
91082
236492
106445
236493
236494
242636
106441
106449
236500
242645
106450
242647
106454
236505
106460
242653
106438
236511
106439
106467
106468
106440
242663
236519
236522
242683
379757
215990
215999
216001
50357
412041
170786
115523
411018
44182
71558
71560
430599
353293
176154
176155
181811
404539
404540
404544
404545
404550
404554
404555
418897
69209
413292
395375
68727
405623
387705
346789
346792
428207
88242
364727
426680
21183
382658
361673
361674
428255
361710
361712
361713
175345
361729
414979
236809
275216
326930
326954
363869
177501
177506
178021
315750
365419
108397
249711
381324
411533
266650
411550
381352
371624
19884
176560
360378
364998
232905
408010
371663
365008
365021
125415
369130
250875
95556
186484
269117
351241
211707
238360
155920
380807
175428
72723
221207
328728
328729
370714
170015
121888
36902
128042
55365
348247
364662
182395
389254
264332
261286
348332
118961
118962
118963
118964
131258
400576
194753
194754
147672
342250
254190
254191
254192
342264
270586
270590
266511
95532
142641
418105
418106
418107
418108
6457
344
160092
160094
160093
162148
418154
418155
418156
85362
245114
398724
235913
332173
332175
332176
184725
236967
70098
164311
35296
381434
117271
196127
54823
433697
433698
234030
277058
420447
420448
420450
114280
387686
387689
432755
119420
264833
164488
390804
390805
144028
85661
85664
155309
155311
155312
155317
183992
107190
50885
242402
242403
220901
220904
244469
86774
381692
156418
404233
43787
372521
372523
35628
372525
4910
372526
4912
372527
372529
372530
420449
387683
420451
387685
180052
72538
325466
387688
372571
325469
325470
239456
325473
325474
387690
381799
325479
33641
413544
325481
193394
268019
128891
72579
7913
351876
179096
245666
116400
97193
410555
351182
157322
146343
266603
232271
167487
4201
22919
245037
99767
85603
386695
159726
369525
348956
127558
347761
349349
270270
51441
51443
51445
51446
232510
161849
391882
52290
412157
186486
354056
138272
386782
168123
168588
168589
389526
423652
77928
77929
178884
273540
390534
250630
250631
250632
404758
351539
117561
117562
117563
117564
117565
117566
117567
117568
117569
117570
117571
117572
267881
167532
167533
167535
167536
167538
167539
167540
167541
167544
167545
167546
167547
167548
167549
167550
167551
276608
167553
276607
258179
258180
276612
360831
156547
186255
352656
352657
352658
352659
352661
352663
352665
122266
122267
352666
352669
352667
122272
122274
122275
122277
201946
194279
194280
108797
258016
134067
351711
102434
112211
178137
221359
9218
361564
383595
78970
434818
78984
383629
203941
203942
203945
203947
275629
192761
235265
196378
196379
196380
432464
432465
223672
70102
21986
181569
237212
241721
353769
353770
381965
381967
80929
175664
144951
349243
349245
104002
190023
190024
190027
364106
402523
349285
349287
349288
349289
349291
349292
349294
349296
349299
349304
349305
411790
332985
403146
152781
152787
152304
152309
212747
434458
193827
193829
216872
217388
193838
193841
85814
193848
193843
193854
386879
193856
161600
168256
193859
193861
187720
193865
193867
193869
237403
218988
360300
81280
324508
320418
148945
148946
152528
220146
323481
13155
332256
22422
397317
341509
410888
165898
243406
350438
350439
350446
212464
350451
350452
361400
254477
180315
9429
326883
250679
18291
207860
243799
35037
20738
81202
393571
185707
80398
243946
241247
99966
35489
139972
221950
189182
189189
262974
262975
262976
262977
31650
333775
335988
433880
403057
361032
42392
47618
77316
173063
207383
222749
111138
274989
192046
192047
192048
192049
392242
392243
392244
392245
39989
39990
392246
392247
367196
51809
334434
334433
97892
259169
51810
73345
350856
213135
213136
45199
145046
200344
372900
138404
262312
262313
262314
332979
332980
348855
330941
57536
350411
171220
71899
214759
211687
211688
211689
211691
177905
165105
79113
34057
33547
79114
33548
182568
54057
398122
4913
4915
138044
265541
362327
390492
397661
338272
338273
390498
82274
338275
338276
390502
82275
345960
345959
418153
338274
390501
55149
418159
418160
390512
55152
55151
220019
220018
203121
33657
83834
213889
170382
89501
371614
89503
89504
89505
89506
187815
232360
232361
430508
319412
110010
110011
156102
66510
95697
95696
95694
95698
66515
66512
66518
66517
66514
66513
55150
352226
156643
415209
370160
55153
130034
26104
169983
120160
108843
180301
180302
316409
316411
429130
245578
193668
183615
50735
20088
376600
365491
197866
79874
273421
154663
240688
365620
276549
138316
234573
68685
68687
68688
68690
58454
419931
430173
138336
215137
119913
119914
412785
94322
425076
85110
232567
48248
201852
405632
405633
405634
68739
430212
430213
430214
68740
379019
94348
430221
85132
78991
406674
406678
94367
406688
94370
74924
389295
272563
389300
410814
348355
409802
152788
30934
152792
152795
152796
90336
340206
340209
370931
71925
340214
274679
340217
429310
340224
340225
184582
429322
421134
210195
421141
421147
379175
321841
213298
321847
321848
213305
213307
63805
148796
76095
168258
18754
152901
371015
379207
371017
335176
27977
364876
428365
379212
335181
432467
353615
119132
72030
363874
207224
232824
166275
73095
166284
264589
166287
166289
166293
166295
388504
166297
76187
22939
427419
166302
166303
166304
166305
166306
388509
388518
188848
31153
35252
390583
398778
321980
411070
195017
264653
221650
365011
147924
428506
87518
379360
428513
181728
388579
340454
353799
388615
36362
269847
378398
366111
269855
269856
269860
50724
269864
351785
262699
156206
271925
209473
209474
209476
266824
67145
348752
345685
85602
85604
166509
166510
259697
405112
405114
427650
106115
343689
164494
377491
85655
106135
186011
368283
365220
151208
151209
9907
204468
186037
151222
142008
9913
153282
420552
425672
364235
35534
364244
378584
378586
403164
153310
403167
240356
319206
429802
263920
18169
362249
354061
431893
55064
422687
431902
217901
189229
275252
138052
92999
138058
138060
422739
422743
138071
422745
217947
422747
422751
62303
422756
250724
422758
422762
217963
138093
138095
32635
32638
32639
217984
195457
195458
32642
32643
32644
32646
251788
199567
364443
91038
421791
215969
233382
233383
233384
364458
270251
349101
349102
349103
147375
349105
270257
223154
349109
205749
365509
422854
422856
156627
258004
365544
273384
324584
187381
404472
273402
343367
420931
420937
249679
258140
381194
419447
382275
138462
109083
219644
331703
243794
362357
411540
324567
160605
379297
173596
257920
257921
12675
276615
142601
142602
142605
362258
185619
221593
342814
26143
322464
368801
368802
368803
368804
130977
130978
130979
254884
47273
47274
156843
156844
341038
352177
37814
121784
179902
185415
216904
182095
180048
167640
167641
167642
120793
382301
181217
194533
198374
428775
54505
148330
181225
431212
147948
29680
157297
184434
184435
184436
343921
128631
220026
220027
402443
395282
349242
349244
349284
349286
427111
349290
349293
349295
349297
349298
349301
349302
349303
349306
349307
349308
349309
349310
171136
362633
410763
318614
372917
412856
410827
232668
414942
429312
193826
193828
193830
193831
193832
83241
193834
193833
193835
193836
193837
193839
193840
193842
193844
193845
193846
193847
193849
193850
193855
233795
193864
193857
193858
193860
193870
193862
193863
193866
193868
193871
193872
193873
136544
77165
274814
345474
426372
208317
188878
193851
188883
193852
148950
193853
232923
113131
256512
120330
120331
367129
315935
251424
251426
32297
144942
151088
144950
144948
104000
104001
170574
31371
267931
377500
164567
133851
412381
265968
265003
268126
218980
218984
218989
378742
137083
180147
241644
81001
396280
242184
250539
428164
175417
266600
332498
425847
424726
139334
278208
64004
33561
259618
259619
85805
54063
305
429116
65598
429120
376392
427081
223743
58967
364893
213346
255588
213347
365179
73346
127110
24966
395918
427667
213144
238753
262308
85163
118959
75192
37305
400574
181956
181957
126150
126151
24775
28112
177361
106730
106731
29676
165106
389623
98553
390143
401825
155651
275697
68715
379393
379394
381957
46092
372251
332918
258169
262278
353956
324275
410825
201945
208652
67358
67359
377125
377126
273750
87393
201611
34733
326074
93639
261593
324579
336894
395181
64005
162822
64007
64006
64009
64010
64011
64012
64013
64014
64015
146960
146961
146962
146963
146964
146965
64018
146967
146968
146966
28694
315928
353308
146972
343069
146975
146976
24089
64017
274990
365651
363103
363104
363105
432759
34947
395917
200336
332975
400575
210179
100114
159009
343849
66350
4914
315708
73023
396609
79689
415060
268649
418158
343928
415107
390548
191938
159177
177612
177613
177614
177615
240596
180699
316915
316916
316914
64008
129303
23086
191436
316416
223745
219653
353285
353286
353287
219657
219658
353288
219660
219661
219663
353291
219665
219666
353295
353296
353294
166943
85538
68136
85554
144435
110139
110140
110141
110142
30276
30277
30279
180299
161360
180305
180307
180309
180310
50776
180313
27225
104028
104029
104030
104031
104032
104033
104035
351334
351335
104038
351337
351339
270446
179313
179315
180341
179317
135799
180344
179319
179321
180348
131709
180350
338049
220289
220291
220292
220293
132738
220295
270474
220302
220814
63632
220815
220817
220818
63637
220822
220823
63641
336537
29849
208034
33443
219815
368824
391358
391362
125130
125131
220365
220665
220368
219858
384213
402645
9432
9433
9434
166619
63708
219868
166621
219871
166623
9435
261853
178410
432875
219883
219882
320247
427774
273151
273153
166154
209164
166157
89362
168725
175385
175389
399675
219453
241472
149825
222530
222534
222535
343879
222537
21323
21324
253771
139086
139087
222545
169810
252244
169811
343897
42849
381801
381802
381803
345450
381805
241515
343915
343918
222583
222584
222586
343930
222589
124800
134021
124805
343948
187793
163728
163729
343954
323080
343974
323083
323084
321971
315828
241591
241592
315833
178105
344000
381893
381894
381895
220617
220619
144337
144338
395736
344028
344029
221150
221151
221152
221153
344037
9704
220649
34281
9706
34283
239592
316398
220655
220657
220658
220660
220663
344056
208893
396799
145801
169628
350605
190465
22722
22733
146204
146206
146207
146209
234303
349137
349138
349140
349141
347246
341197
341198
351483
341328
341329
376200
260121
260123
333395
376698
424866
175423
198034
361759
239906
388733
236545
81922
236547
236549
236563
46621
94750
143902
236575
236578
332845
332846
343094
236599
254012
236608
236609
236613
236617
96343
236636
236643
236645
236649
331379
183929
236667
236668
183934
183935
183936
61569
61570
236675
183937
236677
236680
74889
236681
273060
339625
167087
74417
203978
316646
93937
89335
257784
193809
19199
84237
104720
193808
271633
271634
193810
193812
193811
429331
193814
193818
108314
108316
193815
193817
193816
198434
236337
236341
236342
47929
236347
167228
120653
120654
236367
120655
120659
120660
120661
120662
120663
236378
120666
236382
120670
120672
120671
120674
236387
120675
120673
236390
236392
168303
168816
168304
168305
264051
236418
255875
255877
255876
255878
255880
236424
255881
236431
236445
236454
12712
86953
12713
236464
236471
236475
386492
386491
9662
9663
386496
9664
386498
9665
236495
236501
29654
236503
236508
236509
236512
69604
386538
386541
386542
386543
386544
236529
236530
386546
386545
61937
53240
243607
228363
124025
124028
363712
244947
316640
243948
60773
60774
60775
60776
60777
60778
60780
60781
60782
60783
60793
60799
60800
60801
60802
60803
60806
60808
60807
150968
242231
333397
333412
262978
262981
267250
394858
346933
250096
83974
83975
344076
344077
333861
165926
317479
333862
396887
127032
397375
180295
180296
180297
36938
36937
36939
211022
98383
98382
98385
8157
405602
198257
98411
405613
252018
350326
323709
393342
270465
270469
270470
4237
4238
395407
395408
395409
395410
395413
166046
166047
166048
166049
166050
190627
166052
166053
166051
145619
30942
30941
92388
67824
362739
178419
166133
166134
166135
166138
166139
166141
166142
383237
223494
166150
223495
47370
47371
47372
47373
319766
20761
262426
223525
215339
169803
209210
76097
169806
131400
131401
131402
131403
131404
131405
170330
170331
170332
170333
395631
278896
403827
364915
108928
387485
237984
178605
102839
377275
377276
428504
244184
389594
207327
42841
389640
336401
315922
315923
336402
336403
315932
383516
315934
315933
315936
174625
315939
315940
262696
246312
133674
111161
346682
266829
182874
371302
213608
244331
244332
211566
107123
219784
371342
336534
336535
78493
119459
172711
428750
19151
19152
139983
19154
19155
19156
428753
19157
19158
19160
19159
19153
180953
19162
19161
19164
19165
19163
428778
428779
428781
428784
19189
19195
19196
19197
273152
221957
203528
46966
19217
244526
150329
241548
385854
262979
262982
262983
361288
262980
332627
379750
168813
252785
253772
381818
172923
138112
154504
154507
154508
154509
381837
185227
154510
254868
267159
322459
107422
344992
242610
213945
428988
242621
428989
15294
428990
351168
416702
351166
428995
428991
351174
203719
351173
277449
154580
242650
193510
177141
177142
177143
211966
242687
381958
381959
232460
427615
418831
232467
431141
162859
162860
109616
109618
109619
109620
109622
109625
367680
218188
123982
123984
123985
33876
259170
337001
239575
332916
235098
124022
152695
400503
124024
124026
366171
328831
235100
366173
235101
193673
239580
235103
239582
152728
353440
353442
351424
25794
275652
242900
242904
345305
242906
238819
161009
240901
337164
257923
353550
152852
324894
341282
46372
204076
216369
81211
9542
9544
152904
9547
9548
265550
152911
9552
152912
9557
9559
30040
9561
9562
30043
30041
30045
30039
30044
169317
60779
318828
60785
318838
60792
60795
60804
60805
191898
152997
165291
345519
148915
236982
144823
425403
411082
386521
370166
263668
146942
241160
26127
259601
294425
259611
32284
263708
427573
427574
134720
126528
95814
30280
30282
30283
95816
253524
396886
161367
333400
366169
366170
333403
235099
241245
235102
253526
235104
253528
235097
253530
392795
253532
366176
198249
366177
157291
198248
198250
198251
198252
198253
198254
198256
198255
235119
403058
198259
198260
198262
198261
376442
198263
132746
54923
54924
132747
54925
132749
54926
167571
167577
167578
253525
253527
163496
253529
253531
171707
132802
132803
253533
132804
132805
132806
132807
253534
132808
132809
132810
145101
132811
132812
132813
132815
132816
132817
132818
132814
179924
118486
118487
364260
50917
341736
399089
433921
266004
55061
263967
433960
343867
343868
401214
272192
241473
169799
169800
169801
241481
169805
241485
169807
169802
241483
241492
343884
241494
343896
169808
241493
241497
42842
421723
42843
241499
42846
241500
241498
42845
241506
18273
18275
241512
18281
237418
241516
241518
241519
241520
319346
319347
46962
241525
241526
241528
241529
343932
343933
343934
241535
343935
141184
241537
337795
241536
319365
343942
241539
257924
343941
343939
241543
343944
343943
343946
241546
241549
345999
343945
343947
343940
143251
241550
241551
364444
343964
204703
343969
204706
204707
204704
241574
343981
120754
343987
343988
120757
120755
120756
120760
120761
343994
382906
91981
434108
120762
395197
131009
344001
364484
364485
344017
344018
344019
344020
239573
239574
239572
239576
239577
344021
239579
344022
344023
344024
344025
239578
368601
344026
239581
239583
239584
258017
344031
239586
219110
344043
344044
194535
194536
137203
137204
137207
202096
139333
184617
392509
348837
334050
399623
409864
274759
344407
219778
416510
101313
340985
363543
363544
56384
56385
242905
333267
108049
333396
151240
343878
231383
421872
249791
424728
430611
112257
112285
235191
221958
243642
101309
101310
101311
101312
101314
101315
243648
101318
63342
169233
18453
221206
32794
32795
317538
352366
120960
262275
127111
213140
260248
389291
389298
118965
118966
118967
118968
118969
118970
432758
221496
379205
393569
393570
393568
393573
12647
350592
235915
321934
321935
235926
274841
100795
78324
248315
57877
367127
397882
371279
404066
420452
57963
197243
432757
414350
395921
244379
115357
84649
84650
84652
84653
84655
84654
84651
84656
84657
84658
84659
84663
84664
84666
84667
84660
84661
84662
84665
254662
277195
180941
352984
160474
352983
160476
160477
160478
115423
242414
244470
43784
43786
4916
4917
4918
72511
150341
353107
25451
158607
369589
74707
238565
400380
369666
128023
128026
341018
365596
128028
128031
320544
121889
121890
121891
128033
128034
128038
128035
128040
128036
39980
341041
273480
128073
398430
341090
128130
128131
128132
128134
128136
128137
208031
208033
396459
169142
169143
152815
152816
152817
152819
380156
79101
158974
158975
158976
337167
406814
245024
142642
142643
142644
52546
71012
34153
398731
163276
163277
163278
163279
163280
163281
163282
394704
128468
128469
128470
13789
378334
273896
140776
181767
216614
433709
110134
368186
60992
407131
409187
321127
276085
163459
155294
85665
155299
155310
155313
77491
155315
331449
155322
77500
390852
192235
429805
192239
155382
208650
208651
100124
257824
341792
110371
71461
71463
372531
372533
372534
372535
372536
372537
399184
399186
325465
159578
325467
325468
427871
325471
325472
325475
325476
18282
55154
55155
55156
55157
55158
262007
231415
231416
231419
323015
269121
333825
126988
244243
389654
389655
181271
393755
400925
400926
216097
411170
370214
362024
87085
393774
393775
423479
272440
154681
216127
154689
275015
215639
192091
251484
114277
420463
217204
335478
400504
270457
367737
96891
367739
324240
390801
151698
390800
392340
412310
419991
270492
334494
324767
320673
320674
320675
191653
175279
334512
253618
253619
382650
382660
382662
382664
414416
382673
345304
169188
27877
364265
333037
347889
211704
250106
237310
257792
212737
212738
265483
406796
269581
365844
89369
89370
434461
79133
381726
166692
20267
400174
20270
20275
256311
168249
238400
429889
59714
337731
353612
91980
216918
216919
199512
216920
216921
167262
429924
429931
366970
364923
364924
413645
428931
428933
428938
428939
18318
18319
18320
18321
18322
381329
381328
428953
194463
335267
412068
265636
180150
180153
321977
180158
262595
116169
411595
411596
379341
365518
411597
379342
379343
379344
379345
218065
365009
218069
392154
261595
178149
365550
365554
408051
408052
316926
334209
334210
243647
256190
256194
19200
344066
367493
179989
179991
179990
179993
154529
277546
277547
277548
277549
277550
277552
277553
277554
15288
242232
82361
242235
242236
351162
15291
242239
242240
242241
242242
234950
218185
265544
82386
333271
333273
277597
333277
221798
242686
140220
170782
427718
58650
346903
40966
431628
195089
127004
382016
379969
188488
188489
188490
161358
161369
161370
161371
39517
39518
39519
39520
39521
39523
259681
256635
179332
192133
334468
112270
368276
264351
362666
267451
267984
47829
165596
261854
316645
316648
326889
168688
350448
19188
387829
194813
67332
77061
223526
258342
210731
267569
167227
241471
343872
343877
343887
343891
364897
245604
278895
33653
326539
343952
343955
343957
343960
33691
343965
343966
343967
343985
266716
187359
344047
344051
344057
140342
140344
323079
323081
323082
246304
395810
134696
161340
362123
18593
362665
161967
16086
36052
50924
432884
63754
157018
394608
187294
216534
400356
160743
421873
421874
419320
249807
63276
100634
267702
267703
266925
187306
187314
29652
411663
317478
219176
213053
364611
96337
272494
409730
352389
352391
352393
352395
409743
409747
141461
270496
270497
270498
270499
270500
270501
270502
270503
270504
270505
270506
270507
270508
270509
270510
270511
270512
270513
270514
389299
16569
16570
409793
28866
53444
22726
432337
409815
428259
231659
428271
426229
409853
409854
399621
399622
235792
399641
399642
252221
252222
252224
252225
252227
371012
252236
172398
151919
434548
434549
35208
346520
422342
219590
162254
149978
256519
422419
430627
137773
168512
49729
268869
430675
430712
31356
318081
318082
318083
318084
318085
318086
318087
318088
318089
318090
318091
86682
336539
336540
66205
215714
428739
389286
367321
88796
428766
176866
240357
240362
240364
240365
176880
240371
396048
176913
176914
400150
410390
238358
324433
250720
432996
217967
353154
238492
238494
238495
351164
275388
150506
66542
340984
353278
341042
267324
209983
138311
416848
416849
416851
416854
416855
416856
416857
56420
363629
406642
406643
406644
406645
406646
121975
406647
406648
195712
363649
363648
363654
242867
179405
195794
179413
339182
27895
27896
365843
216368
30022
30024
30029
202066
251225
345459
345464
183692
361869
152996
75193
21983
386528
386530
394732
36346
376316
386573
372237
316944
316948
202271
85536
36393
36394
36395
36396
36397
36398
36399
36400
36402
294455
190008
273979
50774
50777
50778
50779
396891
50781
398944
50791
22154
151215
151218
151239
194255
194259
151255
364251
26335
235255
257787
333564
9981
9982
9983
325371
9985
9986
9988
9989
9990
9991
9992
9993
9994
9995
9996
9997
9998
319247
10000
10001
10002
169747
10003
10004
9999
10005
10008
10007
257810
333623
366421
429915
218977
169825
345961
10090
264042
10094
202606
343920
46961
169843
124787
323445
124788
323447
323448
10105
124791
169844
169846
323446
124792
169850
10110
257919
429946
124795
10116
124796
124797
10127
10129
10133
10145
10148
10149
42918
42919
42921
42922
42923
10156
42926
42927
10160
10159
10162
10163
10158
180148
208824
10172
10177
364483
419783
108517
108519
108522
108525
10225
10233
403451
10238
431627
202095
352964
44424
411022
85158
427715
427722
430343
277043
369051
176642
170575
404300
195450
211915
173009
157256
157257
251543
20188
20189
387981
387983
389693
104015
418009
418010
418016
129305
129322
129325
21888
271335
271336
388090
353319
323003
108423
340296
232537
262924
219408
404087
95218
265360
219373
433886
433887
198319
421519
202005
202007
228362
228365
409614
237588
164887
164888
219169
353320
63530
365616
238649
404541
404542
213055
213056
404543
404546
404547
404548
269381
404549
404551
404552
404553
259143
68698
259164
347231
29798
29799
190575
394351
169085
361601
147597
384141
33941
384155
190643
160948
361672
383201
361706
361708
361714
361715
361717
361719
180782
361721
361724
361725
361730
361732
361733
338182
361734
361735
361736
361738
361740
377395
22807
187671
130327
15650
377399
151848
399666
190802
428377
343407
73083
73084
73086
73087
73088
73089
160130
265604
160131
160134
160135
160136
160137
160138
160139
160140
160141
160143
160144
160145
160146
79260
411042
202158
175536
180784
388543
188864
388544
316875
231890
231891
231892
231893
231894
231895
231896
231897
161239
161240
148995
148997
266766
180751
180752
180753
180754
180755
180756
180757
180758
180759
180760
180761
120347
180762
180763
180764
180765
180766
180767
180768
180769
180770
180771
180772
180773
180774
180775
91690
180776
180777
180778
180779
180780
180781
377390
187954
180783
255540
187956
180790
187958
187959
187960
180785
180786
180787
180788
180789
180791
180792
180793
180794
180795
180796
187966
187968
187969
187967
28224
28225
187971
28230
28232
28233
187972
164435
7765
341593
75374
430716
394768
112268
112281
267930
387749
28222
387753
387756
34330
151219
21179
21180
21181
21182
28226
28227
131779
28228
28229
99026
194260
194261
194262
194263
194264
194265
194266
194267
194268
194269
194270
194271
192229
351993
351994
351995
351996
257793
187961
432910
161586
161587
161588
187963
417594
404286
424768
404288
368455
192336
192337
244568
428892
429919
266081
330296
344962
403356
123805
213919
194464
277411
371625
371633
146353
377779
377780
377781
377782
377784
377783
26552
26554
26557
175041
175042
175043
175044
175045
175046
175047
175048
175049
371657
175051
175050
175053
175054
175055
175056
175052
338905
110554
148444
187970
76779
208875
46077
411538
262659
262660
165210
411059
351626
411021
61288
323482
195072
433669
433673
114188
9231
156178
156180
156181
156183
156184
156185
156186
156187
156188
416286
137252
68139
411179
240687
102960
175667
199731
192057
216129
351297
216130
360516
68699
125535
194660
389220
194661
80999
81000
194665
194666
194668
194663
194664
194667
166007
85121
387714
177288
44195
32940
336560
336561
336562
336563
336564
43707
367297
405698
405699
367301
367302
266441
257746
156892
390368
50912
134884
134885
408294
432361
51437
51438
51439
51440
51442
51444
237311
220420
236810
432913
336659
95005
79143
138043
152898
336195
336196
336197
336198
336199
336201
336202
336203
336200
336204
334
329049
261466
369000
369001
402298
274817
73090
274819
73092
187269
73093
412036
423823
176540
146335
118183
181160
118187
219563
119728
182713
321476
167876
235466
321483
214988
17874
135636
232918
9181
9182
9185
9187
216571
220942
175411
176569
324328
212111
433710
382669
382670
363095
108424
232474
420942
201549
232508
219411
41634
141365
394377
146346
418464
184835
366026
360735
341922
118059
57884
182017
368385
65802
19212
333276
238638
252218
192575
418368
218177
252234
343895
339799
343901
333268
223851
323702
323704
219769
170623
235165
235166
235167
235168
343984
171442
151223
343991
343992
416703
351170
218308
92362
365771
92363
92364
92365
365772
92367
365777
92368
92371
92372
92374
92375
92376
92378
92377
92380
92381
242910
92382
242903
92386
92387
333275
92389
92390
92391
92392
92394
92395
92396
92399
92400
92401
92403
92404
92405
92402
92407
333274
93775
184616
184618
168709
364805
364806
158500
158501
158502
158503
158504
158505
158507
158509
323122
323123
323125
323126
323127
323128
323129
323130
323131
323132
158517
158519
383593
383594
383596
383597
383598
383599
383600
383601
383602
193395
328823
78968
328825
328826
328824
78969
328827
267900
267901
383623
383624
78985
383626
383627
383628
383630
383631
383625
265644
156121
156122
156123
156124
156125
156126
262648
404098
404099
404100
173000
173001
360842
31360
31361
31362
219904
363540
363541
232472
324895
219895
188209
150964
363581
363582
363586
318077
219901
31358
219902
219903
333398
333399
98394
333402
345045
344415
344416
344417
343909
363631
149111
219896
27897
219899
31357
318078
31359
140228
171942
65620
65621
414213
106237
234335
381966
176146
185879
397339
253982
341534
253984
253983
341538
253987
253989
253990
253991
253993
253994
253995
240684
360491
154675
182324
212021
272438
182323
272435
192062
389695
389698
389699
154696
322128
271442
376407
182878
414820
154725
190062
42096
250997
107640
265338
239243
118413
347790
395923
114341
406190
365241
341182
57023
57024
341184
194240
341187
341188
251589
244421
244422
341191
244423
341189
341186
269516
153292
341199
269520
341200
319705
363240
363242
273651
414454
155896
155897
164632
431899
350501
166698
135480
371013
369500
232796
28000
341183
148322
413027
148325
148324
413028
257897
345963
257900
202605
257902
345966
257899
257906
257908
257905
335736
131976
329620
185756
73117
73118
73119
73120
73121
100771
73122
418213
176037
321960
321961
233389
327086
335278
321972
405435
405436
405437
182723
211910
211911
331209
216010
191947
331213
191948
342989
331214
325585
191950
191951
211921
368084
331218
202604
261087
254952
378865
378866
36338
36340
146342
322948
195849
273408
273409
232664
170501
321543
170505
411148
397332
397333
260118
257046
361497
389658
389659
30239
50725
137768
137769
419480
420400
365617
85560
103992
237114
250940
249922
138307
316924
138310
54856
249930
138315
348749
154702
348751
348753
216570
169547
420441
383072
383073
138335
138337
138338
138340
138341
138342
138343
138339
394856
394860
394859
68721
68722
430708
421022
94345
94347
46224
316922
316923
52377
232663
272539
272540
272541
272542
272543
272544
64161
272546
272547
272548
272549
272550
272551
272552
272553
241833
241834
272556
272557
272555
272554
155825
369834
369835
156847
218291
218292
151226
151227
152785
349903
416967
273100
273101
273102
273103
273104
273105
273106
154831
273108
213205
213206
213207
213208
213209
273109
273110
273111
273112
273114
273115
273116
273117
273113
240358
319224
319225
429314
429317
15521
197401
395562
395564
213297
273399
188215
321860
181572
181573
181575
181576
22862
428367
22863
181583
181587
181588
121691
32939
428391
378727
157036
157037
157038
157039
157040
20332
191872
201609
278924
278925
278926
278927
278928
278929
278930
278931
73101
73102
73103
73104
73105
73106
73107
187799
364451
401346
213956
51145
363470
235470
51163
324578
369638
369639
403437
273394
273395
273396
273397
273398
273400
273401
273403
273404
273405
273406
273407
404092
140219
140227
266597
368792
80928
378918
323634
267318
267322
138304
104526
104528
138320
427089
154717
119904
406625
406628
406632
416883
107637
237691
123007
262277
379016
85128
411789
52375
372901
241830
195772
96471
424160
222441
333036
71922
369924
428295
422165
268585
344364
183599
166194
11573
135481
232761
428347
11582
256323
219480
261465
73050
167259
343388
73052
73054
73056
73057
386404
219495
371050
73068
73071
184689
73075
374
426363
238981
395655
152968
213392
426389
426390
339352
161189
161190
151985
333249
219587
274935
430600
26136
341536
330276
233001
389674
203307
351786
175669
233014
153145
209467
393787
209480
151121
151125
413272
413274
151132
430686
421477
421478
421487
367221
89739
395920
334492
211619
266922
406197
217787
239292
194238
217796
361167
346833
177877
426734
432900
218888
218889
153362
422675
431897
85809
164663
85821
85822
367422
153408
265024
238402
256834
390976
233291
233292
153426
48980
239444
144218
334683
237405
144224
144226
160612
138084
217965
217972
213876
335737
85887
85888
85889
411526
335754
130955
178063
178064
178067
324503
324504
131991
403355
324509
365478
266151
51135
131016
131020
131021
131022
211924
36821
153558
36823
264153
173018
36828
211933
261090
261091
72676
254954
390973
131876
52289
429131
394909
218821
343718
29542
394946
251007
425667
169626
79386
95003
35632
144445
144446
144447
144448
144449
144450
144451
119879
119880
219484
219486
219487
150367
150369
150370
150371
150372
150373
150368
150375
150376
150377
150374
336516
386445
72619
214194
24243
24242
211901
211902
211903
382659
70340
382665
70345
382666
70347
70353
70352
70360
70361
70362
70364
70367
70368
70372
70373
70375
70377
70378
70380
70382
427296
427297
125967
347677
426019
418867
332858
417858
319041
77892
371782
347216
347217
110165
407637
275564
275565
275566
87151
275567
275569
275568
275570
275571
275068
275069
76925
205949
275072
275070
275071
41629
212127
212128
212129
203943
203944
203946
203948
81072
88243
218317
177875
370919
171755
422668
196368
196370
196371
196372
196373
196374
196375
196376
196377
418074
268074
268076
331569
273719
242494
151893
399205
335224
411515
411517
411519
411521
163730
31133
223671
223673
415164
93646
249303
123350
21985
383976
403439
183931
132232
382640
382646
213279
202019
330548
333110
143246
119717
253393
379263
238950
274436
69652
360473
36896
360480
55356
55357
360528
22622
45155
122989
122990
344178
256127
258176
258177
258178
258175
256159
256160
428206
168117
432313
250047
250048
250049
250050
250051
250052
256210
256211
162022
254186
106744
178435
178437
178439
178440
178441
223505
223506
188693
188694
188695
332073
223562
241998
242000
188770
344424
178537
96637
317851
188828
59805
59806
59807
135584
364974
217527
426425
98746
80341
152025
80345
80355
389604
125420
367087
211451
328188
188930
188931
268805
135691
315919
137774
432689
164404
31299
182857
170573
346711
316001
326252
275053
268916
268917
426615
41596
178817
178819
178820
178821
98950
178823
266891
45720
45721
66210
371369
352958
361153
361154
62164
144084
62167
176859
158427
78565
66288
66289
66290
66291
66292
66293
66294
66295
422649
66296
422651
66297
66298
66300
66303
66301
66302
66299
414471
414472
271152
138042
273213
179012
242502
164690
197472
265080
265083
265085
265088
156546
25480
95112
95114
7056
121750
121754
349084
121756
121758
121759
158621
175039
267199
273345
273344
273348
273349
103391
365539
166888
164843
29679
390136
17405
384004
214020
160775
384009
212006
271399
60463
31799
369720
177209
31802
269379
269380
324693
117848
347234
334947
334948
179301
351343
15482
76927
410756
189579
117922
369839
9392
9393
369840
369841
369842
21680
369844
404678
165063
85205
25821
77031
363771
29950
29951
236799
349483
79147
390448
351540
351541
351542
351543
351545
351547
351548
38229
85344
249191
155009
30085
19880
339370
60844
351721
89593
97786
97789
175620
175621
50700
87574
265755
185887
126504
130604
212531
87604
212533
212534
212535
212532
431669
319036
339518
245311
319040
245313
71234
429635
161347
153159
3659
3660
34381
77392
79440
28242
345699
20069
345702
151147
157299
118391
20101
63124
251540
56986
56987
153252
249509
249510
153255
249511
249513
186022
249515
186040
251583
267967
267969
77508
134862
24271
134863
79568
26348
337655
337656
337657
337658
83704
151292
257806
253713
79650
139055
208699
208700
112455
274252
259926
259927
415576
415577
397158
397159
397161
397162
274288
274289
122740
186244
3977
22410
22411
157590
157591
157592
157593
77723
257949
257950
92066
147386
411581
24520
434124
223182
223183
69585
98269
94175
51169
352230
391143
253928
352234
352235
110570
142903
95739
175416
176555
202128
391976
391978
391980
38031
176066
176153
336938
50758
86661
325262
325263
325264
325265
325266
169619
346786
346787
346788
346790
346791
346793
346794
346795
346796
346797
364718
346798
346800
346799
364722
346802
364724
364725
346803
346806
364726
364729
346808
364731
346812
364730
346807
364728
346809
346813
364732
346811
221942
236798
235276
235277
361743
361744
361745
361746
361747
235283
361749
361750
361748
361751
361753
361754
361755
361756
361757
361758
361760
361761
361762
361763
361764
361765
361766
361767
361768
361769
361770
319811
319812
426255
177494
109399
109400
177496
177498
177497
177500
177495
177503
177504
177505
177507
119147
257915
257916
257918
137104
137105
361752
137148
346804
151214
346805
364719
130037
364720
346810
364721
412159
425670
102912
167429
237574
30214
14860
111126
9239
68629
137244
347681
322597
402984
402986
135726
433711
240692
323637
185908
395832
272447
242243
393795
126532
341063
588
168014
161874
67170
86118
425063
176744
125546
371819
154730
169072
212087
212089
331897
68733
182404
319113
70280
272012
272013
223887
132242
232607
336544
416944
160433
267962
235197
216768
264384
361675
202956
405200
16593
151253
114395
381663
178401
418018
185061
164071
131305
333034
185065
223982
401138
401140
334582
334587
378622
334588
85250
334589
332027
57108
237844
197911
197913
186139
264988
250656
123680
202020
330536
202548
202049
101186
389447
320332
93010
344413
67422
28005
28006
83304
157546
404329
360819
219511
108413
420222
236942
410532
119719
119720
185777
96704
50630
98762
98767
98770
404438
98775
404437
98777
98778
98779
98780
92637
98781
98783
98786
51170
72677
98790
98788
98792
378863
340295
347916
346061
220945
344720
100018
265366
186488
170746
277507
168483
168484
168486
168485
250923
60461
406066
50755
50756
589
328270
104016
363097
363098
363096
413283
107116
413295
271472
265330
398960
336513
336518
348809
348808
419988
419990
272020
272021
212122
212123
20148
172726
172727
172728
172729
371913
42191
212177
212176
382672
110299
232159
418017
408296
155899
332029
85251
219928
202008
213277
123679
213281
344358
102706
102707
102708
372545
372546
151878
273222
119130
119131
178531
337275
337276
427387
21889
119718
365479
257959
257960
72622
215996
371652
262606
262611
344557
344558
419743
347915
72200
186489
379258
264866
198318
240693
237115
393794
168007
67142
154698
196171
21069
21070
591
201814
201834
114282
36556
18044
333440
410757
65171
127644
370338
344238
28338
95936
36552
36553
36555
21198
207568
367313
348370
128722
26345
408302
408304
408305
343797
378624
152848
264989
202529
268579
129321
146760
146761
146762
151904
364907
268659
329588
205695
152977
371615
371616
185769
15287
215997
156112
169937
318931
325093
210429
413718
427298
202181
151570
151571
151572
151573
151574
151575
245782
79387
231455
366113
120359
50733
50734
389682
393785
393792
68676
68677
364105
396874
429143
429144
414819
413284
119909
371300
37992
20083
20084
20085
20086
20087
334966
336514
336515
237698
123013
123014
85124
347788
319635
319636
245909
245908
334490
334495
59049
383157
11482
218336
108268
152303
152305
152306
152307
152308
152310
237308
109312
414467
414468
421642
421643
376599
426266
344353
183614
237379
237380
237397
353622
322397
167263
413024
413025
151906
119141
413026
151907
237936
108402
155008
181633
426371
412549
170893
170894
120215
257956
119725
119726
89521
89522
365492
89525
365507
336323
211918
211919
152529
152530
152531
185809
276440
94173
250850
108516
418792
108523
76276
76277
388497
427300
427301
427305
350733
44702
44704
160996
156910
50497
63331
63332
63333
63334
63335
63336
63339
63340
63338
63341
63337
18287
18290
351109
351110
351111
351112
278944
32168
416683
416686
194481
194483
416692
194485
194484
416695
416694
416698
416700
416701
189192
189195
189202
394408
410758
41489
21137
22519
260124
33700
102821
79669
23735
22588
72006
72009
324435
255317
103382
103385
104922
103390
45923
252005
165236
165238
165239
63352
165242
