102539
109638
109639
109640
120213
125418
132601
142603
142604
144254
145487
148205
148212
148224
148225
148310
149042
149043
151212
151213
151217
151921
154434
154443
154444
155904
155905
157293
157296
169726
171396
171542
17167
17168
177835
178997
180036
180037
180040
180041
180042
180043
180044
180045
180046
184871
19111
19112
19113
19114
19115
19116
19117
19118
19119
19120
19122
19123
19124
191337
195771
196283
19803
19804
201733
208761
210431
210733
211197
211524
213047
213856
218306
223522
240373
240374
240375
252219
252220
252223
252229
252231
252240
252241
252242
253775
254466
254467
257765
257770
26336
267055
272029
273602
30091
30830
317439
31748
318079
32169
323510
323511
323532
323692
323693
323694
323695
323696
323698
324769
326891
331052
331056
331057
331058
331059
331060
331061
331063
331064
331065
331067
331068
332989
334051
334052
336529
341086
342669
343880
343885
343904
343905
343910
343912
343913
343986
344632
346489
346490
346648
348364
351161
353649
365158
365476
377260
377267
381371
381372
386210
386527
389285
389289
390361
395199
39713
39878
399463
399618
399619
399624
399627
410493
411083
41385
41386
41387
426271
432193
432266
432380
433639
433640
45150
45574
45575
45577
45578
45925
46971
47134
47135
51136
63752
68034
73327
77157
77459
82717
84690
84695
87411
87412
87511
87512
87513
87794
87795
87796
87797
87798
87799
87961
90073
95530
95531
96189
125403
152367
152995
155591
155603
189786
207829
219768
260907
262017
263935
319363
325569
326096
334154
336672
337678
353669
360890
368380
385829
391169
407839
422136
432095
432377
55616
65184
69491
91974
98676
