109638
31748
323532
390361
144254
331064
353649
84695
331058
39713
180045
252223
87411
317439
47135
155905
45578
207829
257770
331059
326891
208761
331068
346648
84690
385829
343880
171542
19119
19123
19112
19111
178997
399624
331065
196283
87512
325569
254466
30830
87795
19117
331063
252241
189786
337678
41385
125403
213856
346490
45150
73327
45577
152995
19113
87797
87799
407839
180043
155904
132601
96189
45575
154434
41386
334154
331061
19120
318079
87513
433639
109639
386210
332989
149042
365476
151213
95530
155603
120213
211197
87511
180037
149043
213047
171396
410493
63752
95531
254467
195771
334051
180042
353669
19804
432377
336529
426271
341086
32169
142603
389289
148225
252240
180041
422136
152367
68034
46971
145487
19124
148310
319363
177835
98676
272029
157293
331060
180040
365158
87798
87794
90073
240375
151212
432193
41387
142604
154443
45574
184871
148224
218306
30091
109640
240373
17167
389285
252242
201733
148212
324769
19114
395199
344632
343986
45925
169726
432380
17168
157296
19118
399627
87961
77157
331057
331056
360890
210733
125418
19115
331052
154444
155591
151217
326096
51136
346489
87412
263935
223522
348364
